0.000000000000000000e+00 0.000000000000000000e+00 0.000000000000000000e+00 0.000000000000000000e+00
0.000000000000000000e+00 0.000000000000000000e+00 0.000000000000000000e+00 3.636028617620468140e-02
0.000000000000000000e+00 0.000000000000000000e+00 0.000000000000000000e+00 7.036590948700904846e-03
1.000000000000000000e+00 1.435759425163269043e+00 2.667470455169677734e+00 1.578883886337280273e+00
0.000000000000000000e+00 0.000000000000000000e+00 0.000000000000000000e+00 2.087795548141002655e-02
0.000000000000000000e+00 0.000000000000000000e+00 0.000000000000000000e+00 5.491732805967330933e-02
0.000000000000000000e+00 0.000000000000000000e+00 0.000000000000000000e+00 1.633080989122390747e-01
1.000000000000000000e+00 3.975438594818115234e+00 6.137822628021240234e+00 4.210493564605712891e+00
1.000000000000000000e+00 8.384499549865722656e+00 1.534772491455078125e+01 8.415022850036621094e+00
1.000000000000000000e+00 3.816394090652465820e+00 3.922307014465332031e+00 4.168768882751464844e+00
1.000000000000000000e+00 6.841616153717041016e+00 1.278322410583496094e+01 7.155355930328369141e+00
0.000000000000000000e+00 0.000000000000000000e+00 0.000000000000000000e+00 0.000000000000000000e+00
0.000000000000000000e+00 0.000000000000000000e+00 0.000000000000000000e+00 0.000000000000000000e+00
0.000000000000000000e+00 0.000000000000000000e+00 0.000000000000000000e+00 1.331086903810501099e-01
1.000000000000000000e+00 9.444059133529663086e-01 1.644856810569763184e+00 8.259238004684448242e-01
1.000000000000000000e+00 7.480856418609619141e+00 1.271934604644775391e+01 7.551955223083496094e+00
0.000000000000000000e+00 0.000000000000000000e+00 0.000000000000000000e+00 0.000000000000000000e+00
1.000000000000000000e+00 2.322232484817504883e+00 1.662440180778503418e+00 2.382477045059204102e+00
1.000000000000000000e+00 3.312442064285278320e+00 2.890327453613281250e+00 3.303591966629028320e+00
1.000000000000000000e+00 5.801727294921875000e+00 1.080664825439453125e+01 6.076630115509033203e+00
1.000000000000000000e+00 6.134236812591552734e+00 1.106623363494873047e+01 6.313968658447265625e+00
0.000000000000000000e+00 0.000000000000000000e+00 0.000000000000000000e+00 3.874065354466438293e-03
0.000000000000000000e+00 0.000000000000000000e+00 0.000000000000000000e+00 0.000000000000000000e+00
1.000000000000000000e+00 1.137768387794494629e+00 1.970323204994201660e+00 1.167379975318908691e+00
1.000000000000000000e+00 1.046665668487548828e+00 1.617330670356750488e+00 1.083770751953125000e+00
1.000000000000000000e+00 4.595018386840820312e+00 7.979292869567871094e+00 4.693321228027343750e+00
1.000000000000000000e+00 8.197411537170410156e+00 1.534875488281250000e+01 8.843242645263671875e+00
0.000000000000000000e+00 0.000000000000000000e+00 0.000000000000000000e+00 0.000000000000000000e+00
0.000000000000000000e+00 0.000000000000000000e+00 0.000000000000000000e+00 2.255704067647457123e-02
1.000000000000000000e+00 2.944440364837646484e+00 3.901309490203857422e+00 3.201467752456665039e+00
0.000000000000000000e+00 0.000000000000000000e+00 0.000000000000000000e+00 4.677116870880126953e-02
1.000000000000000000e+00 2.338977336883544922e+00 1.841440081596374512e+00 2.286005258560180664e+00
0.000000000000000000e+00 0.000000000000000000e+00 0.000000000000000000e+00 0.000000000000000000e+00
1.000000000000000000e+00 7.381408691406250000e+00 1.297576236724853516e+01 7.695973396301269531e+00
1.000000000000000000e+00 6.502746105194091797e+00 1.299322414398193359e+01 6.838492870330810547e+00
0.000000000000000000e+00 0.000000000000000000e+00 0.000000000000000000e+00 0.000000000000000000e+00
0.000000000000000000e+00 0.000000000000000000e+00 0.000000000000000000e+00 0.000000000000000000e+00
1.000000000000000000e+00 2.997777223587036133e+00 4.476714134216308594e+00 3.212105035781860352e+00
1.000000000000000000e+00 5.595985412597656250e+00 1.003230762481689453e+01 5.699308395385742188e+00
0.000000000000000000e+00 0.000000000000000000e+00 0.000000000000000000e+00 2.808234654366970062e-02
0.000000000000000000e+00 0.000000000000000000e+00 0.000000000000000000e+00 0.000000000000000000e+00
1.000000000000000000e+00 2.703361749649047852e+00 3.158936977386474609e+00 2.943342924118041992e+00
0.000000000000000000e+00 0.000000000000000000e+00 0.000000000000000000e+00 0.000000000000000000e+00
0.000000000000000000e+00 0.000000000000000000e+00 0.000000000000000000e+00 0.000000000000000000e+00
1.000000000000000000e+00 1.279874920845031738e+00 2.007028102874755859e+00 1.341281056404113770e+00
0.000000000000000000e+00 0.000000000000000000e+00 0.000000000000000000e+00 2.634525299072265625e-05
1.000000000000000000e+00 1.573421716690063477e+00 3.815500259399414062e+00 1.774646520614624023e+00
1.000000000000000000e+00 2.268393278121948242e+00 1.903333544731140137e+00 2.459887981414794922e+00
1.000000000000000000e+00 9.353771209716796875e-01 1.969499468803405762e+00 9.850293397903442383e-01
1.000000000000000000e+00 1.191781640052795410e+00 2.062052726745605469e+00 1.291533350944519043e+00
0.000000000000000000e+00 0.000000000000000000e+00 0.000000000000000000e+00 0.000000000000000000e+00
0.000000000000000000e+00 0.000000000000000000e+00 0.000000000000000000e+00 0.000000000000000000e+00
1.000000000000000000e+00 4.989570140838623047e+00 9.445851325988769531e+00 5.053800106048583984e+00
0.000000000000000000e+00 0.000000000000000000e+00 0.000000000000000000e+00 0.000000000000000000e+00
1.000000000000000000e+00 2.549269437789916992e+00 1.911211371421813965e+00 2.573889493942260742e+00
0.000000000000000000e+00 0.000000000000000000e+00 0.000000000000000000e+00 0.000000000000000000e+00
1.000000000000000000e+00 3.104783535003662109e+00 3.604286193847656250e+00 3.293848752975463867e+00
0.000000000000000000e+00 0.000000000000000000e+00 0.000000000000000000e+00 6.931579858064651489e-02
0.000000000000000000e+00 0.000000000000000000e+00 0.000000000000000000e+00 2.046344988048076630e-02
1.000000000000000000e+00 3.580002546310424805e+00 3.619259834289550781e+00 3.620370149612426758e+00
1.000000000000000000e+00 1.087371110916137695e+00 1.862933993339538574e+00 1.075439095497131348e+00
0.000000000000000000e+00 0.000000000000000000e+00 0.000000000000000000e+00 0.000000000000000000e+00
1.000000000000000000e+00 1.260379314422607422e+00 2.201516151428222656e+00 1.290296673774719238e+00
1.000000000000000000e+00 7.641359806060791016e+00 1.338852214813232422e+01 7.906189918518066406e+00
1.000000000000000000e+00 2.795936584472656250e+00 3.102434158325195312e+00 2.898880243301391602e+00
1.000000000000000000e+00 1.500142335891723633e+00 3.020854473114013672e+00 1.570895195007324219e+00
1.000000000000000000e+00 6.353178977966308594e+00 1.235107040405273438e+01 6.650687694549560547e+00
0.000000000000000000e+00 0.000000000000000000e+00 0.000000000000000000e+00 0.000000000000000000e+00
1.000000000000000000e+00 3.454398393630981445e+00 3.981783390045166016e+00 3.588593244552612305e+00
0.000000000000000000e+00 0.000000000000000000e+00 0.000000000000000000e+00 9.999618679285049438e-02
1.000000000000000000e+00 6.443536758422851562e+00 1.183620834350585938e+01 6.768833637237548828e+00
0.000000000000000000e+00 0.000000000000000000e+00 0.000000000000000000e+00 0.000000000000000000e+00
0.000000000000000000e+00 0.000000000000000000e+00 0.000000000000000000e+00 5.642746388912200928e-02
1.000000000000000000e+00 1.345386862754821777e+00 2.488402843475341797e+00 1.455366969108581543e+00
1.000000000000000000e+00 2.860933542251586914e+00 2.587250471115112305e+00 2.850815057754516602e+00
0.000000000000000000e+00 0.000000000000000000e+00 0.000000000000000000e+00 4.509497433900833130e-02
0.000000000000000000e+00 0.000000000000000000e+00 0.000000000000000000e+00 1.992979459464550018e-02
0.000000000000000000e+00 0.000000000000000000e+00 0.000000000000000000e+00 5.230285227298736572e-02
0.000000000000000000e+00 0.000000000000000000e+00 0.000000000000000000e+00 0.000000000000000000e+00
0.000000000000000000e+00 0.000000000000000000e+00 0.000000000000000000e+00 0.000000000000000000e+00
1.000000000000000000e+00 3.686508417129516602e+00 4.874572753906250000e+00 4.007289409637451172e+00
1.000000000000000000e+00 8.347784996032714844e+00 1.773203659057617188e+01 8.447397232055664062e+00
1.000000000000000000e+00 7.031608581542968750e+00 1.642978286743164062e+01 7.719223499298095703e+00
0.000000000000000000e+00 0.000000000000000000e+00 0.000000000000000000e+00 8.396669477224349976e-02
1.000000000000000000e+00 1.043052792549133301e+00 1.551596522331237793e+00 9.798575639724731445e-01
0.000000000000000000e+00 0.000000000000000000e+00 0.000000000000000000e+00 0.000000000000000000e+00
1.000000000000000000e+00 1.050781607627868652e+00 1.816251635551452637e+00 1.036780476570129395e+00
1.000000000000000000e+00 1.185364365577697754e+00 1.818570256233215332e+00 1.175351977348327637e+00
1.000000000000000000e+00 6.422443866729736328e+00 1.259143161773681641e+01 6.657449722290039062e+00
1.000000000000000000e+00 8.261578559875488281e+00 1.334265422821044922e+01 8.372630119323730469e+00
0.000000000000000000e+00 0.000000000000000000e+00 0.000000000000000000e+00 1.157057359814643860e-01
0.000000000000000000e+00 0.000000000000000000e+00 0.000000000000000000e+00 0.000000000000000000e+00
0.000000000000000000e+00 0.000000000000000000e+00 0.000000000000000000e+00 9.317500516772270203e-03
1.000000000000000000e+00 1.130412220954895020e+00 1.672535538673400879e+00 1.142947554588317871e+00
1.000000000000000000e+00 3.511508703231811523e+00 2.954465150833129883e+00 3.586952447891235352e+00
0.000000000000000000e+00 0.000000000000000000e+00 0.000000000000000000e+00 0.000000000000000000e+00
1.000000000000000000e+00 1.260623216629028320e+00 2.468411922454833984e+00 1.310128927230834961e+00
1.000000000000000000e+00 1.559572935104370117e+00 2.751685619354248047e+00 1.755062103271484375e+00
1.000000000000000000e+00 1.501814246177673340e+00 2.445613622665405273e+00 1.463148474693298340e+00
0.000000000000000000e+00 0.000000000000000000e+00 0.000000000000000000e+00 0.000000000000000000e+00
