0.000000000000000000e+00 0.000000000000000000e+00 1.799617707729339600e-01 0.000000000000000000e+00
0.000000000000000000e+00 0.000000000000000000e+00 8.231755346059799194e-02 0.000000000000000000e+00
0.000000000000000000e+00 0.000000000000000000e+00 6.884036213159561157e-02 0.000000000000000000e+00
1.000000000000000000e+00 1.435759425163269043e+00 9.923485517501831055e-01 1.897816181182861328e+00
0.000000000000000000e+00 0.000000000000000000e+00 1.435948014259338379e-01 0.000000000000000000e+00
0.000000000000000000e+00 0.000000000000000000e+00 1.096603497862815857e-01 0.000000000000000000e+00
0.000000000000000000e+00 0.000000000000000000e+00 1.421143710613250732e-01 0.000000000000000000e+00
1.000000000000000000e+00 3.975438594818115234e+00 9.999599456787109375e-01 4.176582813262939453e+00
1.000000000000000000e+00 8.384499549865722656e+00 1.000000000000000000e+00 8.833977699279785156e+00
1.000000000000000000e+00 3.816394090652465820e+00 9.995476603507995605e-01 4.049084663391113281e+00
1.000000000000000000e+00 6.841616153717041016e+00 1.000000000000000000e+00 7.032676219940185547e+00
0.000000000000000000e+00 0.000000000000000000e+00 8.458041399717330933e-02 0.000000000000000000e+00
0.000000000000000000e+00 0.000000000000000000e+00 7.886986434459686279e-02 0.000000000000000000e+00
0.000000000000000000e+00 0.000000000000000000e+00 2.135433107614517212e-01 3.760862722992897034e-02
1.000000000000000000e+00 9.444059133529663086e-01 7.186266183853149414e-01 6.676958203315734863e-01
1.000000000000000000e+00 7.480856418609619141e+00 1.000000000000000000e+00 7.538752555847167969e+00
0.000000000000000000e+00 0.000000000000000000e+00 7.118784636259078979e-02 0.000000000000000000e+00
1.000000000000000000e+00 2.322232484817504883e+00 9.724626541137695312e-01 2.458413362503051758e+00
1.000000000000000000e+00 3.312442064285278320e+00 9.845035076141357422e-01 3.412266731262207031e+00
1.000000000000000000e+00 5.801727294921875000e+00 1.000000000000000000e+00 5.891353607177734375e+00
1.000000000000000000e+00 6.134236812591552734e+00 1.000000000000000000e+00 6.120409011840820312e+00
0.000000000000000000e+00 0.000000000000000000e+00 9.597760438919067383e-02 0.000000000000000000e+00
0.000000000000000000e+00 0.000000000000000000e+00 6.580669432878494263e-02 0.000000000000000000e+00
1.000000000000000000e+00 1.137768387794494629e+00 9.248253703117370605e-01 1.183325409889221191e+00
1.000000000000000000e+00 1.046665668487548828e+00 8.372457623481750488e-01 9.997218251228332520e-01
1.000000000000000000e+00 4.595018386840820312e+00 1.000000000000000000e+00 4.492324829101562500e+00
1.000000000000000000e+00 8.197411537170410156e+00 1.000000000000000000e+00 8.511355400085449219e+00
0.000000000000000000e+00 0.000000000000000000e+00 7.920283824205398560e-02 0.000000000000000000e+00
0.000000000000000000e+00 0.000000000000000000e+00 6.847381591796875000e-02 0.000000000000000000e+00
1.000000000000000000e+00 2.944440364837646484e+00 9.883417487144470215e-01 2.967870235443115234e+00
0.000000000000000000e+00 0.000000000000000000e+00 8.828876167535781860e-02 0.000000000000000000e+00
1.000000000000000000e+00 2.338977336883544922e+00 8.957920670509338379e-01 2.149351358413696289e+00
0.000000000000000000e+00 0.000000000000000000e+00 8.375304937362670898e-02 0.000000000000000000e+00
1.000000000000000000e+00 7.381408691406250000e+00 1.000000000000000000e+00 7.515543460845947266e+00
1.000000000000000000e+00 6.502746105194091797e+00 1.000000000000000000e+00 6.902096271514892578e+00
0.000000000000000000e+00 0.000000000000000000e+00 6.903102993965148926e-02 0.000000000000000000e+00
0.000000000000000000e+00 0.000000000000000000e+00 7.858461141586303711e-02 0.000000000000000000e+00
1.000000000000000000e+00 2.997777223587036133e+00 9.970388412475585938e-01 2.996161699295043945e+00
1.000000000000000000e+00 5.595985412597656250e+00 1.000000000000000000e+00 5.463587284088134766e+00
0.000000000000000000e+00 0.000000000000000000e+00 8.441523462533950806e-02 0.000000000000000000e+00
0.000000000000000000e+00 0.000000000000000000e+00 7.338961958885192871e-02 0.000000000000000000e+00
1.000000000000000000e+00 2.703361749649047852e+00 9.893914461135864258e-01 2.979229211807250977e+00
0.000000000000000000e+00 0.000000000000000000e+00 8.435858786106109619e-02 0.000000000000000000e+00
0.000000000000000000e+00 0.000000000000000000e+00 9.583674371242523193e-02 0.000000000000000000e+00
1.000000000000000000e+00 1.279874920845031738e+00 9.745810627937316895e-01 1.289647102355957031e+00
0.000000000000000000e+00 0.000000000000000000e+00 1.017448455095291138e-01 0.000000000000000000e+00
1.000000000000000000e+00 1.573421716690063477e+00 9.996038079261779785e-01 1.585747718811035156e+00
1.000000000000000000e+00 2.268393278121948242e+00 8.573297262191772461e-01 2.166828393936157227e+00
1.000000000000000000e+00 9.353771209716796875e-01 8.912811279296875000e-01 1.159987807273864746e+00
1.000000000000000000e+00 1.191781640052795410e+00 9.524595141410827637e-01 1.223174095153808594e+00
0.000000000000000000e+00 0.000000000000000000e+00 6.180863082408905029e-02 0.000000000000000000e+00
0.000000000000000000e+00 0.000000000000000000e+00 8.685440570116043091e-02 0.000000000000000000e+00
1.000000000000000000e+00 4.989570140838623047e+00 1.000000000000000000e+00 5.220848560333251953e+00
0.000000000000000000e+00 0.000000000000000000e+00 9.390013664960861206e-02 0.000000000000000000e+00
1.000000000000000000e+00 2.549269437789916992e+00 7.703614830970764160e-01 2.397286176681518555e+00
0.000000000000000000e+00 0.000000000000000000e+00 6.465069204568862915e-02 0.000000000000000000e+00
1.000000000000000000e+00 3.104783535003662109e+00 9.969628453254699707e-01 3.318063259124755859e+00
0.000000000000000000e+00 0.000000000000000000e+00 9.895659983158111572e-02 0.000000000000000000e+00
0.000000000000000000e+00 0.000000000000000000e+00 9.577105194330215454e-02 0.000000000000000000e+00
1.000000000000000000e+00 3.580002546310424805e+00 9.963362216949462891e-01 3.636418342590332031e+00
1.000000000000000000e+00 1.087371110916137695e+00 8.505604267120361328e-01 1.190789580345153809e+00
0.000000000000000000e+00 0.000000000000000000e+00 1.125757023692131042e-01 0.000000000000000000e+00
1.000000000000000000e+00 1.260379314422607422e+00 9.784420132637023926e-01 1.371740460395812988e+00
1.000000000000000000e+00 7.641359806060791016e+00 1.000000000000000000e+00 8.000312805175781250e+00
1.000000000000000000e+00 2.795936584472656250e+00 9.587810039520263672e-01 2.739892005920410156e+00
1.000000000000000000e+00 1.500142335891723633e+00 9.987475872039794922e-01 1.458642959594726562e+00
1.000000000000000000e+00 6.353178977966308594e+00 1.000000000000000000e+00 6.540126323699951172e+00
0.000000000000000000e+00 0.000000000000000000e+00 9.338993579149246216e-02 0.000000000000000000e+00
1.000000000000000000e+00 3.454398393630981445e+00 9.984151124954223633e-01 3.493196725845336914e+00
0.000000000000000000e+00 0.000000000000000000e+00 1.127534285187721252e-01 0.000000000000000000e+00
1.000000000000000000e+00 6.443536758422851562e+00 1.000000000000000000e+00 6.468175888061523438e+00
0.000000000000000000e+00 0.000000000000000000e+00 7.327204942703247070e-02 0.000000000000000000e+00
0.000000000000000000e+00 0.000000000000000000e+00 1.157743558287620544e-01 0.000000000000000000e+00
1.000000000000000000e+00 1.345386862754821777e+00 9.748382568359375000e-01 1.414090991020202637e+00
1.000000000000000000e+00 2.860933542251586914e+00 9.807536005973815918e-01 3.059640169143676758e+00
0.000000000000000000e+00 0.000000000000000000e+00 8.552430570125579834e-02 0.000000000000000000e+00
0.000000000000000000e+00 0.000000000000000000e+00 1.248853653669357300e-01 0.000000000000000000e+00
0.000000000000000000e+00 0.000000000000000000e+00 1.235575377941131592e-01 0.000000000000000000e+00
0.000000000000000000e+00 0.000000000000000000e+00 8.275294303894042969e-02 0.000000000000000000e+00
0.000000000000000000e+00 0.000000000000000000e+00 6.630077213048934937e-02 0.000000000000000000e+00
1.000000000000000000e+00 3.686508417129516602e+00 9.973243474960327148e-01 3.522890329360961914e+00
1.000000000000000000e+00 8.347784996032714844e+00 1.000000000000000000e+00 8.711493492126464844e+00
1.000000000000000000e+00 7.031608581542968750e+00 1.000000000000000000e+00 7.613670349121093750e+00
0.000000000000000000e+00 0.000000000000000000e+00 1.344401538372039795e-01 0.000000000000000000e+00
1.000000000000000000e+00 1.043052792549133301e+00 6.532806158065795898e-01 7.141366600990295410e-01
0.000000000000000000e+00 0.000000000000000000e+00 7.193312793970108032e-02 0.000000000000000000e+00
1.000000000000000000e+00 1.050781607627868652e+00 9.249742627143859863e-01 1.174742102622985840e+00
1.000000000000000000e+00 1.185364365577697754e+00 9.324960112571716309e-01 1.030869245529174805e+00
1.000000000000000000e+00 6.422443866729736328e+00 1.000000000000000000e+00 6.427975177764892578e+00
1.000000000000000000e+00 8.261578559875488281e+00 1.000000000000000000e+00 9.063731193542480469e+00
0.000000000000000000e+00 0.000000000000000000e+00 1.612033993005752563e-01 0.000000000000000000e+00
0.000000000000000000e+00 0.000000000000000000e+00 1.761360019445419312e-01 0.000000000000000000e+00
0.000000000000000000e+00 0.000000000000000000e+00 1.071832925081253052e-01 0.000000000000000000e+00
1.000000000000000000e+00 1.130412220954895020e+00 8.866587877273559570e-01 9.784668087959289551e-01
1.000000000000000000e+00 3.511508703231811523e+00 9.884782433509826660e-01 3.510816335678100586e+00
0.000000000000000000e+00 0.000000000000000000e+00 7.230199128389358521e-02 0.000000000000000000e+00
1.000000000000000000e+00 1.260623216629028320e+00 9.920957684516906738e-01 1.280313014984130859e+00
1.000000000000000000e+00 1.559572935104370117e+00 9.985055923461914062e-01 1.533529520034790039e+00
1.000000000000000000e+00 1.501814246177673340e+00 9.999091625213623047e-01 1.731294393539428711e+00
0.000000000000000000e+00 0.000000000000000000e+00 8.525583893060684204e-02 0.000000000000000000e+00
