0.000000000000000000e+00 0.000000000000000000e+00 9.715034138935152441e-06
0.000000000000000000e+00 0.000000000000000000e+00 2.582006163720507175e-05
0.000000000000000000e+00 0.000000000000000000e+00 1.367781237604503985e-06
1.000000000000000000e+00 1.435759425163269043e+00 1.000000000000000000e+00
0.000000000000000000e+00 0.000000000000000000e+00 9.643749217502772808e-05
0.000000000000000000e+00 0.000000000000000000e+00 1.746667476254515350e-05
0.000000000000000000e+00 0.000000000000000000e+00 4.527853525360114872e-05
1.000000000000000000e+00 3.975438594818115234e+00 1.000000000000000000e+00
1.000000000000000000e+00 8.384499549865722656e+00 1.000000000000000000e+00
1.000000000000000000e+00 3.816394090652465820e+00 1.000000000000000000e+00
1.000000000000000000e+00 6.841616153717041016e+00 1.000000000000000000e+00
0.000000000000000000e+00 0.000000000000000000e+00 1.054135736922034994e-05
0.000000000000000000e+00 0.000000000000000000e+00 3.436417728153173812e-06
0.000000000000000000e+00 0.000000000000000000e+00 1.245516614289954305e-04
1.000000000000000000e+00 9.444059133529663086e-01 8.928059339523315430e-01
1.000000000000000000e+00 7.480856418609619141e+00 1.000000000000000000e+00
0.000000000000000000e+00 0.000000000000000000e+00 7.377727342827711254e-06
1.000000000000000000e+00 2.322232484817504883e+00 9.938376545906066895e-01
1.000000000000000000e+00 3.312442064285278320e+00 1.000000000000000000e+00
1.000000000000000000e+00 5.801727294921875000e+00 1.000000000000000000e+00
1.000000000000000000e+00 6.134236812591552734e+00 1.000000000000000000e+00
0.000000000000000000e+00 0.000000000000000000e+00 4.437952884472906590e-05
0.000000000000000000e+00 0.000000000000000000e+00 2.817060340021271259e-05
1.000000000000000000e+00 1.137768387794494629e+00 9.999996423721313477e-01
1.000000000000000000e+00 1.046665668487548828e+00 9.999947547912597656e-01
1.000000000000000000e+00 4.595018386840820312e+00 1.000000000000000000e+00
1.000000000000000000e+00 8.197411537170410156e+00 1.000000000000000000e+00
0.000000000000000000e+00 0.000000000000000000e+00 1.237346441484987736e-05
0.000000000000000000e+00 0.000000000000000000e+00 2.978879274451173842e-05
1.000000000000000000e+00 2.944440364837646484e+00 1.000000000000000000e+00
0.000000000000000000e+00 0.000000000000000000e+00 6.690674126730300486e-06
1.000000000000000000e+00 2.338977336883544922e+00 9.057580232620239258e-01
0.000000000000000000e+00 0.000000000000000000e+00 5.649254308082163334e-05
1.000000000000000000e+00 7.381408691406250000e+00 1.000000000000000000e+00
1.000000000000000000e+00 6.502746105194091797e+00 1.000000000000000000e+00
0.000000000000000000e+00 0.000000000000000000e+00 3.715255843417253345e-06
0.000000000000000000e+00 0.000000000000000000e+00 4.229566548019647598e-05
1.000000000000000000e+00 2.997777223587036133e+00 1.000000000000000000e+00
1.000000000000000000e+00 5.595985412597656250e+00 1.000000000000000000e+00
0.000000000000000000e+00 0.000000000000000000e+00 3.048047983611468226e-05
0.000000000000000000e+00 0.000000000000000000e+00 3.433246547501767054e-06
1.000000000000000000e+00 2.703361749649047852e+00 1.000000000000000000e+00
0.000000000000000000e+00 0.000000000000000000e+00 5.130768113303929567e-05
0.000000000000000000e+00 0.000000000000000000e+00 2.115444294759072363e-05
1.000000000000000000e+00 1.279874920845031738e+00 9.999982118606567383e-01
0.000000000000000000e+00 0.000000000000000000e+00 2.414735718048177660e-05
1.000000000000000000e+00 1.573421716690063477e+00 1.000000000000000000e+00
1.000000000000000000e+00 2.268393278121948242e+00 9.893510937690734863e-01
1.000000000000000000e+00 9.353771209716796875e-01 9.999901056289672852e-01
1.000000000000000000e+00 1.191781640052795410e+00 1.000000000000000000e+00
0.000000000000000000e+00 0.000000000000000000e+00 1.093177047550852876e-06
0.000000000000000000e+00 0.000000000000000000e+00 5.441879693535156548e-05
1.000000000000000000e+00 4.989570140838623047e+00 1.000000000000000000e+00
0.000000000000000000e+00 0.000000000000000000e+00 1.112683821702376008e-05
1.000000000000000000e+00 2.549269437789916992e+00 9.801579117774963379e-01
0.000000000000000000e+00 0.000000000000000000e+00 5.162336037756176665e-06
1.000000000000000000e+00 3.104783535003662109e+00 1.000000000000000000e+00
0.000000000000000000e+00 0.000000000000000000e+00 9.332333575002849102e-04
0.000000000000000000e+00 0.000000000000000000e+00 8.177973541023675352e-06
1.000000000000000000e+00 3.580002546310424805e+00 1.000000000000000000e+00
1.000000000000000000e+00 1.087371110916137695e+00 9.999958276748657227e-01
0.000000000000000000e+00 0.000000000000000000e+00 1.549183434690348804e-05
1.000000000000000000e+00 1.260379314422607422e+00 1.000000000000000000e+00
1.000000000000000000e+00 7.641359806060791016e+00 1.000000000000000000e+00
1.000000000000000000e+00 2.795936584472656250e+00 9.998936653137207031e-01
1.000000000000000000e+00 1.500142335891723633e+00 1.000000000000000000e+00
1.000000000000000000e+00 6.353178977966308594e+00 1.000000000000000000e+00
0.000000000000000000e+00 0.000000000000000000e+00 1.124389837059425190e-05
1.000000000000000000e+00 3.454398393630981445e+00 1.000000000000000000e+00
0.000000000000000000e+00 0.000000000000000000e+00 8.928332681534811854e-05
1.000000000000000000e+00 6.443536758422851562e+00 1.000000000000000000e+00
0.000000000000000000e+00 0.000000000000000000e+00 5.296927156450692564e-06
0.000000000000000000e+00 0.000000000000000000e+00 1.712560879241209477e-05
1.000000000000000000e+00 1.345386862754821777e+00 1.000000000000000000e+00
1.000000000000000000e+00 2.860933542251586914e+00 1.000000000000000000e+00
0.000000000000000000e+00 0.000000000000000000e+00 2.358421988901682198e-05
0.000000000000000000e+00 0.000000000000000000e+00 2.784612297546118498e-04
0.000000000000000000e+00 0.000000000000000000e+00 5.007572326576337218e-05
0.000000000000000000e+00 0.000000000000000000e+00 6.141878202470252290e-06
0.000000000000000000e+00 0.000000000000000000e+00 6.048906925570918247e-06
1.000000000000000000e+00 3.686508417129516602e+00 1.000000000000000000e+00
1.000000000000000000e+00 8.347784996032714844e+00 1.000000000000000000e+00
1.000000000000000000e+00 7.031608581542968750e+00 1.000000000000000000e+00
0.000000000000000000e+00 0.000000000000000000e+00 2.021404543484095484e-05
1.000000000000000000e+00 1.043052792549133301e+00 9.995719790458679199e-01
0.000000000000000000e+00 0.000000000000000000e+00 1.523473770248529036e-06
1.000000000000000000e+00 1.050781607627868652e+00 9.999358654022216797e-01
1.000000000000000000e+00 1.185364365577697754e+00 9.999998807907104492e-01
1.000000000000000000e+00 6.422443866729736328e+00 1.000000000000000000e+00
1.000000000000000000e+00 8.261578559875488281e+00 1.000000000000000000e+00
0.000000000000000000e+00 0.000000000000000000e+00 5.453485573525540531e-05
0.000000000000000000e+00 0.000000000000000000e+00 3.152511271764524281e-05
0.000000000000000000e+00 0.000000000000000000e+00 8.175821676559280604e-06
1.000000000000000000e+00 1.130412220954895020e+00 9.999843835830688477e-01
1.000000000000000000e+00 3.511508703231811523e+00 1.000000000000000000e+00
0.000000000000000000e+00 0.000000000000000000e+00 1.354887353954836726e-04
1.000000000000000000e+00 1.260623216629028320e+00 1.000000000000000000e+00
1.000000000000000000e+00 1.559572935104370117e+00 1.000000000000000000e+00
1.000000000000000000e+00 1.501814246177673340e+00 1.000000000000000000e+00
0.000000000000000000e+00 0.000000000000000000e+00 1.744519977364689112e-05
