0.000000000000000000e+00 0.000000000000000000e+00 2.067494243383407593e-01 2.411882281303405762e-01
0.000000000000000000e+00 0.000000000000000000e+00 2.102151364088058472e-01 2.116698622703552246e-01
0.000000000000000000e+00 0.000000000000000000e+00 2.045373320579528809e-01 2.273330092430114746e-01
1.000000000000000000e+00 1.435759425163269043e+00 9.970792531967163086e-01 1.322483539581298828e+00
0.000000000000000000e+00 0.000000000000000000e+00 1.968589127063751221e-01 3.705929815769195557e-01
0.000000000000000000e+00 0.000000000000000000e+00 1.916474997997283936e-01 2.777018547058105469e-01
0.000000000000000000e+00 0.000000000000000000e+00 1.899907588958740234e-01 2.690009772777557373e-01
1.000000000000000000e+00 3.975438594818115234e+00 9.999639987945556641e-01 3.806897401809692383e+00
1.000000000000000000e+00 8.384499549865722656e+00 1.000000000000000000e+00 8.071051597595214844e+00
1.000000000000000000e+00 3.816394090652465820e+00 9.994131326675415039e-01 4.162245750427246094e+00
1.000000000000000000e+00 6.841616153717041016e+00 1.000000000000000000e+00 6.986361026763916016e+00
0.000000000000000000e+00 0.000000000000000000e+00 2.211920768022537231e-01 1.858467161655426025e-01
0.000000000000000000e+00 0.000000000000000000e+00 2.032217532396316528e-01 2.310080826282501221e-01
0.000000000000000000e+00 0.000000000000000000e+00 2.010678797960281372e-01 2.573426663875579834e-01
1.000000000000000000e+00 9.444059133529663086e-01 6.423435211181640625e-01 7.102720737457275391e-01
1.000000000000000000e+00 7.480856418609619141e+00 1.000000000000000000e+00 7.096987247467041016e+00
0.000000000000000000e+00 0.000000000000000000e+00 1.890925914049148560e-01 2.811412513256072998e-01
1.000000000000000000e+00 2.322232484817504883e+00 9.611903429031372070e-01 2.134065151214599609e+00
1.000000000000000000e+00 3.312442064285278320e+00 9.975038170814514160e-01 3.325264692306518555e+00
1.000000000000000000e+00 5.801727294921875000e+00 1.000000000000000000e+00 5.144832611083984375e+00
1.000000000000000000e+00 6.134236812591552734e+00 1.000000000000000000e+00 5.727452278137207031e+00
0.000000000000000000e+00 0.000000000000000000e+00 2.155169099569320679e-01 1.973219215869903564e-01
0.000000000000000000e+00 0.000000000000000000e+00 1.893736124038696289e-01 2.871379554271697998e-01
1.000000000000000000e+00 1.137768387794494629e+00 9.566766619682312012e-01 9.226188659667968750e-01
1.000000000000000000e+00 1.046665668487548828e+00 9.164086580276489258e-01 1.080321907997131348e+00
1.000000000000000000e+00 4.595018386840820312e+00 1.000000000000000000e+00 4.373691558837890625e+00
1.000000000000000000e+00 8.197411537170410156e+00 1.000000000000000000e+00 8.024095535278320312e+00
0.000000000000000000e+00 0.000000000000000000e+00 2.421302944421768188e-01 1.288779973983764648e-01
0.000000000000000000e+00 0.000000000000000000e+00 2.125827521085739136e-01 2.052302956581115723e-01
1.000000000000000000e+00 2.944440364837646484e+00 9.783765077590942383e-01 2.998389482498168945e+00
0.000000000000000000e+00 0.000000000000000000e+00 2.055472433567047119e-01 2.268961966037750244e-01
1.000000000000000000e+00 2.338977336883544922e+00 8.954019546508789062e-01 2.031632661819458008e+00
0.000000000000000000e+00 0.000000000000000000e+00 2.124464064836502075e-01 2.113007605075836182e-01
1.000000000000000000e+00 7.381408691406250000e+00 1.000000000000000000e+00 7.086041927337646484e+00
1.000000000000000000e+00 6.502746105194091797e+00 1.000000000000000000e+00 6.159525394439697266e+00
0.000000000000000000e+00 0.000000000000000000e+00 2.180133163928985596e-01 1.906548738479614258e-01
0.000000000000000000e+00 0.000000000000000000e+00 2.226811647415161133e-01 1.783345341682434082e-01
1.000000000000000000e+00 2.997777223587036133e+00 9.970371723175048828e-01 2.851375818252563477e+00
1.000000000000000000e+00 5.595985412597656250e+00 1.000000000000000000e+00 5.416456222534179688e+00
0.000000000000000000e+00 0.000000000000000000e+00 2.130708098411560059e-01 2.039093673229217529e-01
0.000000000000000000e+00 0.000000000000000000e+00 2.077798694372177124e-01 2.183491587638854980e-01
1.000000000000000000e+00 2.703361749649047852e+00 9.849827885627746582e-01 2.639782905578613281e+00
0.000000000000000000e+00 0.000000000000000000e+00 2.053616493940353394e-01 2.250392138957977295e-01
0.000000000000000000e+00 0.000000000000000000e+00 2.108360826969146729e-01 2.099758386611938477e-01
1.000000000000000000e+00 1.279874920845031738e+00 9.221436381340026855e-01 1.173939466476440430e+00
0.000000000000000000e+00 0.000000000000000000e+00 2.016384154558181763e-01 2.354546785354614258e-01
1.000000000000000000e+00 1.573421716690063477e+00 9.999847412109375000e-01 1.892646312713623047e+00
1.000000000000000000e+00 2.268393278121948242e+00 7.965717315673828125e-01 2.115984678268432617e+00
1.000000000000000000e+00 9.353771209716796875e-01 8.714504241943359375e-01 1.024049043655395508e+00
1.000000000000000000e+00 1.191781640052795410e+00 9.728013277053833008e-01 1.060154199600219727e+00
0.000000000000000000e+00 0.000000000000000000e+00 2.104879915714263916e-01 2.109250128269195557e-01
0.000000000000000000e+00 0.000000000000000000e+00 2.076546400785446167e-01 2.186942696571350098e-01
1.000000000000000000e+00 4.989570140838623047e+00 1.000000000000000000e+00 4.773409843444824219e+00
0.000000000000000000e+00 0.000000000000000000e+00 2.154935896396636963e-01 2.064214646816253662e-01
1.000000000000000000e+00 2.549269437789916992e+00 6.961662173271179199e-01 2.050309419631958008e+00
0.000000000000000000e+00 0.000000000000000000e+00 2.171869128942489624e-01 1.928558945655822754e-01
1.000000000000000000e+00 3.104783535003662109e+00 9.964337348937988281e-01 3.059659481048583984e+00
0.000000000000000000e+00 0.000000000000000000e+00 2.140951156616210938e-01 2.011443376541137695e-01
0.000000000000000000e+00 0.000000000000000000e+00 2.166704982519149780e-01 1.942343115806579590e-01
1.000000000000000000e+00 3.580002546310424805e+00 9.967305660247802734e-01 3.547203540802001953e+00
1.000000000000000000e+00 1.087371110916137695e+00 8.237835764884948730e-01 1.138327240943908691e+00
0.000000000000000000e+00 0.000000000000000000e+00 2.293521910905838013e-01 1.645779311656951904e-01
1.000000000000000000e+00 1.260379314422607422e+00 9.838413596153259277e-01 1.034245729446411133e+00
1.000000000000000000e+00 7.641359806060791016e+00 1.000000000000000000e+00 7.381031036376953125e+00
1.000000000000000000e+00 2.795936584472656250e+00 9.772631525993347168e-01 2.570066928863525391e+00
1.000000000000000000e+00 1.500142335891723633e+00 9.997254014015197754e-01 1.624405145645141602e+00
1.000000000000000000e+00 6.353178977966308594e+00 1.000000000000000000e+00 5.966839790344238281e+00
0.000000000000000000e+00 0.000000000000000000e+00 2.052017897367477417e-01 2.254834771156311035e-01
1.000000000000000000e+00 3.454398393630981445e+00 9.984505176544189453e-01 3.534324169158935547e+00
0.000000000000000000e+00 0.000000000000000000e+00 2.020625472068786621e-01 4.186550080776214600e-01
1.000000000000000000e+00 6.443536758422851562e+00 1.000000000000000000e+00 6.129287719726562500e+00
0.000000000000000000e+00 0.000000000000000000e+00 2.029006630182266235e-01 2.319077253341674805e-01
0.000000000000000000e+00 0.000000000000000000e+00 1.825674772262573242e-01 3.087458312511444092e-01
1.000000000000000000e+00 1.345386862754821777e+00 9.886656999588012695e-01 1.284038066864013672e+00
1.000000000000000000e+00 2.860933542251586914e+00 9.843074679374694824e-01 2.731318473815917969e+00
0.000000000000000000e+00 0.000000000000000000e+00 2.048348039388656616e-01 2.265044450759887695e-01
0.000000000000000000e+00 0.000000000000000000e+00 2.180619984865188599e-01 1.905254125595092773e-01
0.000000000000000000e+00 0.000000000000000000e+00 2.112644612789154053e-01 2.088093459606170654e-01
0.000000000000000000e+00 0.000000000000000000e+00 2.015979737043380737e-01 2.355687022209167480e-01
0.000000000000000000e+00 0.000000000000000000e+00 2.057731151580810547e-01 2.243596613407135010e-01
1.000000000000000000e+00 3.686508417129516602e+00 9.979027509689331055e-01 3.598270893096923828e+00
1.000000000000000000e+00 8.347784996032714844e+00 1.000000000000000000e+00 8.193250656127929688e+00
1.000000000000000000e+00 7.031608581542968750e+00 1.000000000000000000e+00 6.516176223754882812e+00
0.000000000000000000e+00 0.000000000000000000e+00 2.030760198831558228e-01 2.516906857490539551e-01
1.000000000000000000e+00 1.043052792549133301e+00 7.506537437438964844e-01 9.018537998199462891e-01
0.000000000000000000e+00 0.000000000000000000e+00 2.377082407474517822e-01 1.398733854293823242e-01
1.000000000000000000e+00 1.050781607627868652e+00 9.195925593376159668e-01 1.035833120346069336e+00
1.000000000000000000e+00 1.185364365577697754e+00 9.574257135391235352e-01 9.894547462463378906e-01
1.000000000000000000e+00 6.422443866729736328e+00 1.000000000000000000e+00 6.473069667816162109e+00
1.000000000000000000e+00 8.261578559875488281e+00 1.000000000000000000e+00 7.888085365295410156e+00
0.000000000000000000e+00 0.000000000000000000e+00 2.172541767358779907e-01 1.926764547824859619e-01
0.000000000000000000e+00 0.000000000000000000e+00 2.107770889997482300e-01 2.204848527908325195e-01
0.000000000000000000e+00 0.000000000000000000e+00 2.076940238475799561e-01 2.276422977447509766e-01
1.000000000000000000e+00 1.130412220954895020e+00 8.182182908058166504e-01 1.045640230178833008e+00
1.000000000000000000e+00 3.511508703231811523e+00 9.850607514381408691e-01 3.392867803573608398e+00
0.000000000000000000e+00 0.000000000000000000e+00 2.031718045473098755e-01 2.311479449272155762e-01
1.000000000000000000e+00 1.260623216629028320e+00 9.958270192146301270e-01 1.362185716629028320e+00
1.000000000000000000e+00 1.559572935104370117e+00 9.964750409126281738e-01 1.686839342117309570e+00
1.000000000000000000e+00 1.501814246177673340e+00 9.996764659881591797e-01 1.554559826850891113e+00
0.000000000000000000e+00 0.000000000000000000e+00 2.255166769027709961e-01 1.709403097629547119e-01
