0.000000000000000000e+00 0.000000000000000000e+00 -3.149978816509246826e-01 0.000000000000000000e+00
0.000000000000000000e+00 0.000000000000000000e+00 -4.187007248401641846e-01 0.000000000000000000e+00
0.000000000000000000e+00 0.000000000000000000e+00 -5.102259516716003418e-01 0.000000000000000000e+00
1.000000000000000000e+00 1.435759425163269043e+00 9.966270327568054199e-01 1.763453602790832520e+00
0.000000000000000000e+00 0.000000000000000000e+00 -2.335264980792999268e-01 3.311134874820709229e-03
0.000000000000000000e+00 0.000000000000000000e+00 -2.401258051395416260e-01 0.000000000000000000e+00
0.000000000000000000e+00 0.000000000000000000e+00 -1.039920672774314880e-01 0.000000000000000000e+00
1.000000000000000000e+00 3.975438594818115234e+00 9.999627470970153809e-01 4.176922798156738281e+00
1.000000000000000000e+00 8.384499549865722656e+00 1.000000000000000000e+00 8.404521942138671875e+00
1.000000000000000000e+00 3.816394090652465820e+00 9.996928572654724121e-01 4.075057983398437500e+00
1.000000000000000000e+00 6.841616153717041016e+00 1.000000000000000000e+00 7.115999698638916016e+00
0.000000000000000000e+00 0.000000000000000000e+00 -2.706555426120758057e-01 0.000000000000000000e+00
0.000000000000000000e+00 0.000000000000000000e+00 -4.394595623016357422e-01 0.000000000000000000e+00
0.000000000000000000e+00 0.000000000000000000e+00 -9.926280379295349121e-02 0.000000000000000000e+00
1.000000000000000000e+00 9.444059133529663086e-01 8.275958299636840820e-01 7.718175053596496582e-01
1.000000000000000000e+00 7.480856418609619141e+00 1.000000000000000000e+00 7.305316448211669922e+00
0.000000000000000000e+00 0.000000000000000000e+00 -5.748914480209350586e-01 0.000000000000000000e+00
1.000000000000000000e+00 2.322232484817504883e+00 9.871608614921569824e-01 2.297337055206298828e+00
1.000000000000000000e+00 3.312442064285278320e+00 9.986193180084228516e-01 3.574497222900390625e+00
1.000000000000000000e+00 5.801727294921875000e+00 1.000000000000000000e+00 6.194282054901123047e+00
1.000000000000000000e+00 6.134236812591552734e+00 1.000000000000000000e+00 6.460847377777099609e+00
0.000000000000000000e+00 0.000000000000000000e+00 -3.998911380767822266e-01 0.000000000000000000e+00
0.000000000000000000e+00 0.000000000000000000e+00 -4.454586803913116455e-01 0.000000000000000000e+00
1.000000000000000000e+00 1.137768387794494629e+00 9.854664206504821777e-01 1.395047187805175781e+00
1.000000000000000000e+00 1.046665668487548828e+00 9.670820832252502441e-01 1.251329064369201660e+00
1.000000000000000000e+00 4.595018386840820312e+00 9.999959468841552734e-01 4.763106346130371094e+00
1.000000000000000000e+00 8.197411537170410156e+00 1.000000000000000000e+00 8.605057716369628906e+00
0.000000000000000000e+00 0.000000000000000000e+00 -4.491810202598571777e-01 0.000000000000000000e+00
0.000000000000000000e+00 0.000000000000000000e+00 -5.358821153640747070e-01 0.000000000000000000e+00
1.000000000000000000e+00 2.944440364837646484e+00 9.990070462226867676e-01 3.151321649551391602e+00
0.000000000000000000e+00 0.000000000000000000e+00 -2.900505363941192627e-01 0.000000000000000000e+00
1.000000000000000000e+00 2.338977336883544922e+00 9.771032333374023438e-01 2.298990249633789062e+00
0.000000000000000000e+00 0.000000000000000000e+00 -2.258800566196441650e-01 0.000000000000000000e+00
1.000000000000000000e+00 7.381408691406250000e+00 1.000000000000000000e+00 7.390429019927978516e+00
1.000000000000000000e+00 6.502746105194091797e+00 1.000000000000000000e+00 6.697449207305908203e+00
0.000000000000000000e+00 0.000000000000000000e+00 -6.083142757415771484e-01 0.000000000000000000e+00
0.000000000000000000e+00 0.000000000000000000e+00 -3.314531445503234863e-01 0.000000000000000000e+00
1.000000000000000000e+00 2.997777223587036133e+00 9.992548823356628418e-01 3.163330554962158203e+00
1.000000000000000000e+00 5.595985412597656250e+00 9.999997019767761230e-01 5.841810703277587891e+00
0.000000000000000000e+00 0.000000000000000000e+00 -4.089322984218597412e-01 0.000000000000000000e+00
0.000000000000000000e+00 0.000000000000000000e+00 -5.898521542549133301e-01 0.000000000000000000e+00
1.000000000000000000e+00 2.703361749649047852e+00 9.976280927658081055e-01 2.998894691467285156e+00
0.000000000000000000e+00 0.000000000000000000e+00 -4.337689876556396484e-01 0.000000000000000000e+00
0.000000000000000000e+00 0.000000000000000000e+00 -3.197818994522094727e-01 0.000000000000000000e+00
1.000000000000000000e+00 1.279874920845031738e+00 9.594246149063110352e-01 1.365723371505737305e+00
0.000000000000000000e+00 0.000000000000000000e+00 -2.717129886150360107e-01 0.000000000000000000e+00
1.000000000000000000e+00 1.573421716690063477e+00 9.947617053985595703e-01 2.080592632293701172e+00
1.000000000000000000e+00 2.268393278121948242e+00 9.828798770904541016e-01 2.247328281402587891e+00
1.000000000000000000e+00 9.353771209716796875e-01 9.391445517539978027e-01 1.292294502258300781e+00
1.000000000000000000e+00 1.191781640052795410e+00 9.789525270462036133e-01 1.497838377952575684e+00
0.000000000000000000e+00 0.000000000000000000e+00 -6.044551134109497070e-01 0.000000000000000000e+00
0.000000000000000000e+00 0.000000000000000000e+00 -3.959186971187591553e-01 0.000000000000000000e+00
1.000000000000000000e+00 4.989570140838623047e+00 1.000000000000000000e+00 5.082810401916503906e+00
0.000000000000000000e+00 0.000000000000000000e+00 -4.646894931793212891e-01 0.000000000000000000e+00
1.000000000000000000e+00 2.549269437789916992e+00 9.793553352355957031e-01 2.190572738647460938e+00
0.000000000000000000e+00 0.000000000000000000e+00 -6.330953836441040039e-01 0.000000000000000000e+00
1.000000000000000000e+00 3.104783535003662109e+00 9.988177418708801270e-01 3.314030170440673828e+00
0.000000000000000000e+00 0.000000000000000000e+00 -3.750484585762023926e-01 0.000000000000000000e+00
0.000000000000000000e+00 0.000000000000000000e+00 -1.168024837970733643e-01 0.000000000000000000e+00
1.000000000000000000e+00 3.580002546310424805e+00 9.995191693305969238e-01 3.886384725570678711e+00
1.000000000000000000e+00 1.087371110916137695e+00 9.540375471115112305e-01 1.260628938674926758e+00
0.000000000000000000e+00 0.000000000000000000e+00 -4.119000136852264404e-01 0.000000000000000000e+00
1.000000000000000000e+00 1.260379314422607422e+00 9.763219356536865234e-01 1.512930274009704590e+00
1.000000000000000000e+00 7.641359806060791016e+00 1.000000000000000000e+00 7.503377437591552734e+00
1.000000000000000000e+00 2.795936584472656250e+00 9.960097074508666992e-01 2.873646497726440430e+00
1.000000000000000000e+00 1.500142335891723633e+00 9.875836372375488281e-01 1.756482124328613281e+00
1.000000000000000000e+00 6.353178977966308594e+00 1.000000000000000000e+00 6.643780231475830078e+00
0.000000000000000000e+00 0.000000000000000000e+00 -3.878189921379089355e-01 0.000000000000000000e+00
1.000000000000000000e+00 3.454398393630981445e+00 9.991081357002258301e-01 3.659077882766723633e+00
0.000000000000000000e+00 0.000000000000000000e+00 -1.088510379195213318e-01 9.782717376947402954e-02
1.000000000000000000e+00 6.443536758422851562e+00 1.000000000000000000e+00 6.756188392639160156e+00
0.000000000000000000e+00 0.000000000000000000e+00 -5.142741203308105469e-01 0.000000000000000000e+00
0.000000000000000000e+00 0.000000000000000000e+00 -4.297198653221130371e-01 0.000000000000000000e+00
1.000000000000000000e+00 1.345386862754821777e+00 9.793897271156311035e-01 1.565406918525695801e+00
1.000000000000000000e+00 2.860933542251586914e+00 9.953398108482360840e-01 3.019499778747558594e+00
0.000000000000000000e+00 0.000000000000000000e+00 -3.483349382877349854e-01 0.000000000000000000e+00
0.000000000000000000e+00 0.000000000000000000e+00 -2.091891020536422729e-01 0.000000000000000000e+00
0.000000000000000000e+00 0.000000000000000000e+00 -1.683446168899536133e-01 0.000000000000000000e+00
0.000000000000000000e+00 0.000000000000000000e+00 -4.031786322593688965e-01 0.000000000000000000e+00
0.000000000000000000e+00 0.000000000000000000e+00 -5.145947933197021484e-01 0.000000000000000000e+00
1.000000000000000000e+00 3.686508417129516602e+00 9.981476664543151855e-01 3.813895940780639648e+00
1.000000000000000000e+00 8.347784996032714844e+00 1.000000000000000000e+00 8.444197654724121094e+00
1.000000000000000000e+00 7.031608581542968750e+00 1.000000000000000000e+00 7.221051692962646484e+00
0.000000000000000000e+00 0.000000000000000000e+00 -1.809770911931991577e-01 0.000000000000000000e+00
1.000000000000000000e+00 1.043052792549133301e+00 9.075515866279602051e-01 1.014299392700195312e+00
0.000000000000000000e+00 0.000000000000000000e+00 -5.788576602935791016e-01 0.000000000000000000e+00
1.000000000000000000e+00 1.050781607627868652e+00 9.663471579551696777e-01 1.090004324913024902e+00
1.000000000000000000e+00 1.185364365577697754e+00 9.630830883979797363e-01 1.344318389892578125e+00
1.000000000000000000e+00 6.422443866729736328e+00 1.000000000000000000e+00 6.649340629577636719e+00
1.000000000000000000e+00 8.261578559875488281e+00 1.000000000000000000e+00 8.391205787658691406e+00
0.000000000000000000e+00 0.000000000000000000e+00 -5.270906910300254822e-02 0.000000000000000000e+00
0.000000000000000000e+00 0.000000000000000000e+00 -2.498158514499664307e-01 0.000000000000000000e+00
0.000000000000000000e+00 0.000000000000000000e+00 -2.115992009639739990e-01 0.000000000000000000e+00
1.000000000000000000e+00 1.130412220954895020e+00 9.580109715461730957e-01 1.361494183540344238e+00
1.000000000000000000e+00 3.511508703231811523e+00 9.988397955894470215e-01 3.654200792312622070e+00
0.000000000000000000e+00 0.000000000000000000e+00 -4.149588346481323242e-01 0.000000000000000000e+00
1.000000000000000000e+00 1.260623216629028320e+00 9.721451401710510254e-01 1.451380491256713867e+00
1.000000000000000000e+00 1.559572935104370117e+00 9.877628684043884277e-01 1.761952519416809082e+00
1.000000000000000000e+00 1.501814246177673340e+00 9.893645644187927246e-01 1.814719080924987793e+00
0.000000000000000000e+00 0.000000000000000000e+00 -3.880136311054229736e-01 0.000000000000000000e+00
