0.000000000000000000e+00 0.000000000000000000e+00 4.827203452587127686e-01 2.104626595973968506e-01
0.000000000000000000e+00 0.000000000000000000e+00 4.611222147941589355e-01 4.069749265909194946e-02
0.000000000000000000e+00 0.000000000000000000e+00 4.600083827972412109e-01 3.170334547758102417e-02
1.000000000000000000e+00 1.435759425163269043e+00 9.931939840316772461e-01 1.883286833763122559e+00
0.000000000000000000e+00 0.000000000000000000e+00 5.306290388107299805e-01 5.445156693458557129e-01
0.000000000000000000e+00 0.000000000000000000e+00 5.058318376541137695e-01 2.618349194526672363e-01
0.000000000000000000e+00 0.000000000000000000e+00 5.370197892189025879e-01 4.686140418052673340e-01
1.000000000000000000e+00 3.975438594818115234e+00 9.997356534004211426e-01 4.227677822113037109e+00
1.000000000000000000e+00 8.384499549865722656e+00 1.000000000000000000e+00 8.276611328125000000e+00
1.000000000000000000e+00 3.816394090652465820e+00 9.975399971008300781e-01 4.435037136077880859e+00
1.000000000000000000e+00 6.841616153717041016e+00 1.000000000000000000e+00 7.144813537597656250e+00
0.000000000000000000e+00 0.000000000000000000e+00 4.591077864170074463e-01 2.442794665694236755e-02
0.000000000000000000e+00 0.000000000000000000e+00 4.663662314414978027e-01 9.497992694377899170e-02
0.000000000000000000e+00 0.000000000000000000e+00 5.236616730690002441e-01 2.989037632942199707e-01
1.000000000000000000e+00 9.444059133529663086e-01 8.163542151451110840e-01 7.107943892478942871e-01
1.000000000000000000e+00 7.480856418609619141e+00 1.000000000000000000e+00 7.697752952575683594e+00
0.000000000000000000e+00 0.000000000000000000e+00 4.693472683429718018e-01 1.070266664028167725e-01
1.000000000000000000e+00 2.322232484817504883e+00 9.542772769927978516e-01 2.232642650604248047e+00
1.000000000000000000e+00 3.312442064285278320e+00 9.934984445571899414e-01 3.689211368560791016e+00
1.000000000000000000e+00 5.801727294921875000e+00 1.000000000000000000e+00 5.748322963714599609e+00
1.000000000000000000e+00 6.134236812591552734e+00 1.000000000000000000e+00 6.303975105285644531e+00
0.000000000000000000e+00 0.000000000000000000e+00 4.762706756591796875e-01 1.627530753612518311e-01
0.000000000000000000e+00 0.000000000000000000e+00 4.804734885692596436e-01 2.108801156282424927e-01
1.000000000000000000e+00 1.137768387794494629e+00 9.593866467475891113e-01 1.277671098709106445e+00
1.000000000000000000e+00 1.046665668487548828e+00 9.428904652595520020e-01 1.247047305107116699e+00
1.000000000000000000e+00 4.595018386840820312e+00 9.999998807907104492e-01 5.002431392669677734e+00
1.000000000000000000e+00 8.197411537170410156e+00 1.000000000000000000e+00 8.446208953857421875e+00
0.000000000000000000e+00 0.000000000000000000e+00 4.764014780521392822e-01 1.638051569461822510e-01
0.000000000000000000e+00 0.000000000000000000e+00 4.570490121841430664e-01 7.789446040987968445e-03
1.000000000000000000e+00 2.944440364837646484e+00 9.893548488616943359e-01 3.090770006179809570e+00
0.000000000000000000e+00 0.000000000000000000e+00 4.997090101242065430e-01 2.367476075887680054e-01
1.000000000000000000e+00 2.338977336883544922e+00 9.050844907760620117e-01 2.134470224380493164e+00
0.000000000000000000e+00 0.000000000000000000e+00 4.899705946445465088e-01 1.201604604721069336e-01
1.000000000000000000e+00 7.381408691406250000e+00 1.000000000000000000e+00 7.922510623931884766e+00
1.000000000000000000e+00 6.502746105194091797e+00 1.000000000000000000e+00 6.749594688415527344e+00
0.000000000000000000e+00 0.000000000000000000e+00 4.693089425563812256e-01 1.067174673080444336e-01
0.000000000000000000e+00 0.000000000000000000e+00 4.641531705856323242e-01 9.237471967935562134e-02
1.000000000000000000e+00 2.997777223587036133e+00 9.932380914688110352e-01 2.898953199386596680e+00
1.000000000000000000e+00 5.595985412597656250e+00 1.000000000000000000e+00 5.671554088592529297e+00
0.000000000000000000e+00 0.000000000000000000e+00 4.651514291763305664e-01 1.013826727867126465e-01
0.000000000000000000e+00 0.000000000000000000e+00 4.580561816692352295e-01 1.593090593814849854e-02
1.000000000000000000e+00 2.703361749649047852e+00 9.908794164657592773e-01 2.849575996398925781e+00
0.000000000000000000e+00 0.000000000000000000e+00 4.687896370887756348e-01 1.025344133377075195e-01
0.000000000000000000e+00 0.000000000000000000e+00 4.643660187721252441e-01 9.490618109703063965e-02
1.000000000000000000e+00 1.279874920845031738e+00 8.844286203384399414e-01 1.253631234169006348e+00
0.000000000000000000e+00 0.000000000000000000e+00 4.816349446773529053e-01 1.593585908412933350e-01
1.000000000000000000e+00 1.573421716690063477e+00 9.990730285644531250e-01 1.941552639007568359e+00
1.000000000000000000e+00 2.268393278121948242e+00 8.919339179992675781e-01 2.276653051376342773e+00
1.000000000000000000e+00 9.353771209716796875e-01 9.084041118621826172e-01 9.760363101959228516e-01
1.000000000000000000e+00 1.191781640052795410e+00 9.468498826026916504e-01 1.365849256515502930e+00
0.000000000000000000e+00 0.000000000000000000e+00 4.570490121841430664e-01 7.789446040987968445e-03
0.000000000000000000e+00 0.000000000000000000e+00 4.634448289871215820e-01 7.990295439958572388e-02
1.000000000000000000e+00 4.989570140838623047e+00 1.000000000000000000e+00 5.214481830596923828e+00
0.000000000000000000e+00 0.000000000000000000e+00 4.802347421646118164e-01 1.946252137422561646e-01
1.000000000000000000e+00 2.549269437789916992e+00 8.148594498634338379e-01 2.044793605804443359e+00
0.000000000000000000e+00 0.000000000000000000e+00 4.570490121841430664e-01 7.789446040987968445e-03
1.000000000000000000e+00 3.104783535003662109e+00 9.968947172164916992e-01 3.256555795669555664e+00
0.000000000000000000e+00 0.000000000000000000e+00 4.729580879211425781e-01 1.361006349325180054e-01
0.000000000000000000e+00 0.000000000000000000e+00 5.008597373962402344e-01 5.897415429353713989e-02
1.000000000000000000e+00 3.580002546310424805e+00 9.962332844734191895e-01 3.748671770095825195e+00
1.000000000000000000e+00 1.087371110916137695e+00 9.009419083595275879e-01 1.234521031379699707e+00
0.000000000000000000e+00 0.000000000000000000e+00 4.775037467479705811e-01 1.190530955791473389e-01
1.000000000000000000e+00 1.260379314422607422e+00 9.600130915641784668e-01 1.581323504447937012e+00
1.000000000000000000e+00 7.641359806060791016e+00 1.000000000000000000e+00 7.868802070617675781e+00
1.000000000000000000e+00 2.795936584472656250e+00 9.769922494888305664e-01 2.892043113708496094e+00
1.000000000000000000e+00 1.500142335891723633e+00 9.969680905342102051e-01 1.965304255485534668e+00
1.000000000000000000e+00 6.353178977966308594e+00 1.000000000000000000e+00 6.501086235046386719e+00
0.000000000000000000e+00 0.000000000000000000e+00 4.570490121841430664e-01 7.789446040987968445e-03
1.000000000000000000e+00 3.454398393630981445e+00 9.941940903663635254e-01 3.801123857498168945e+00
0.000000000000000000e+00 0.000000000000000000e+00 5.207135677337646484e-01 3.911840319633483887e-01
1.000000000000000000e+00 6.443536758422851562e+00 1.000000000000000000e+00 6.544278621673583984e+00
0.000000000000000000e+00 0.000000000000000000e+00 4.570490121841430664e-01 7.789446040987968445e-03
0.000000000000000000e+00 0.000000000000000000e+00 4.756334424018859863e-01 1.313963681459426880e-01
1.000000000000000000e+00 1.345386862754821777e+00 9.724512696266174316e-01 1.536658883094787598e+00
1.000000000000000000e+00 2.860933542251586914e+00 9.853848814964294434e-01 2.993466854095458984e+00
0.000000000000000000e+00 0.000000000000000000e+00 4.575565755367279053e-01 1.189306192100048065e-02
0.000000000000000000e+00 0.000000000000000000e+00 4.901868104934692383e-01 1.686457991600036621e-01
0.000000000000000000e+00 0.000000000000000000e+00 5.052768588066101074e-01 2.610458433628082275e-01
0.000000000000000000e+00 0.000000000000000000e+00 4.614941179752349854e-01 2.165451645851135254e-02
0.000000000000000000e+00 0.000000000000000000e+00 4.570490121841430664e-01 7.789446040987968445e-03
1.000000000000000000e+00 3.686508417129516602e+00 9.986320137977600098e-01 3.863212823867797852e+00
1.000000000000000000e+00 8.347784996032714844e+00 1.000000000000000000e+00 8.858714103698730469e+00
1.000000000000000000e+00 7.031608581542968750e+00 1.000000000000000000e+00 7.575999259948730469e+00
0.000000000000000000e+00 0.000000000000000000e+00 4.823655486106872559e-01 1.178711652755737305e-01
1.000000000000000000e+00 1.043052792549133301e+00 7.898674607276916504e-01 9.773464798927307129e-01
0.000000000000000000e+00 0.000000000000000000e+00 4.570490121841430664e-01 7.789446040987968445e-03
1.000000000000000000e+00 1.050781607627868652e+00 8.847618103027343750e-01 1.030561327934265137e+00
1.000000000000000000e+00 1.185364365577697754e+00 9.231145977973937988e-01 1.247967004776000977e+00
1.000000000000000000e+00 6.422443866729736328e+00 1.000000000000000000e+00 6.648977279663085938e+00
1.000000000000000000e+00 8.261578559875488281e+00 1.000000000000000000e+00 8.631488800048828125e+00
0.000000000000000000e+00 0.000000000000000000e+00 4.851945936679840088e-01 1.051918342709541321e-01
0.000000000000000000e+00 0.000000000000000000e+00 4.858379364013671875e-01 2.561827301979064941e-01
0.000000000000000000e+00 0.000000000000000000e+00 4.628833532333374023e-01 5.491309612989425659e-02
1.000000000000000000e+00 1.130412220954895020e+00 8.937302827835083008e-01 1.211341619491577148e+00
1.000000000000000000e+00 3.511508703231811523e+00 9.817634224891662598e-01 3.793175220489501953e+00
0.000000000000000000e+00 0.000000000000000000e+00 4.658889472484588623e-01 7.662452012300491333e-02
1.000000000000000000e+00 1.260623216629028320e+00 9.866129159927368164e-01 1.551704287528991699e+00
1.000000000000000000e+00 1.559572935104370117e+00 9.697824120521545410e-01 1.945077300071716309e+00
1.000000000000000000e+00 1.501814246177673340e+00 9.894562363624572754e-01 1.964480280876159668e+00
0.000000000000000000e+00 0.000000000000000000e+00 4.578706622123718262e-01 1.443133689463138580e-02
